['AL', 'BA', 'CE', 'MA', 'PB', 'PE', 'PI', 'RN', 'SE']
[[0,850,822,1415,403,111,1020,678,219],[850,0,1167,1525,1137,914,986,1273,699],[822,1167,0,842,525,648,594,403,832],[1415,1525,842,0,1294,1292,619,1227,1425],[403,1137,525,1294,0,284,854,298,631],[111,914,648,1292,284,0,852,558,324],[1020,986,594,619,854,852,0,978,871],[678,1273,403,1227,298,558,978,0,863],[219,699,832,1425,631,324,871,863,0]]

AL - Alagoas\nBA - Bahia\nCE - Ceara\nMA - Maranhao\nPB - Paraiba\nPE - Pernambuco\nPI - Piaui\nRN - Rio Grande do Norte \nSE - Sergipe\n